Lat: 30.1301659
Lon: 31.280676