Lat: 30.1301398
Lon: 31.2806525